[[1.48005959,1.50736836],
[1.46024334,1.51447188],
[1.44055849,1.52130842],
[1.42101199,1.52787614],
[1.40161045,1.53417346],
[1.38236019,1.54019909],
[1.36326723,1.54595203],
[1.34433728,1.55143152],
[1.32557569,1.55663709],
[1.30698759,1.56156852],
[1.2885777,1.56622586],
[1.27035052,1.5706094],
[1.25231021,1.57471967],
[1.23446061,1.57855744],
[1.21680534,1.58212372],
[1.19934763,1.58541973],
[1.1820905,1.58844691],
[1.16503668,1.59120691],
[1.14818865,1.59370157],
[1.13154852,1.59593294],
[1.11511826,1.59790324],
[1.09889954,1.59961485],
[1.08289379,1.60107035],
[1.06710221,1.60227244],
[1.05152578,1.603224],
[1.0361652,1.60392804],
[1.02102103,1.60438769],
[1.0060936,1.60460622],
[0.99138303,1.604587],
[0.9768893,1.60433353],
[0.96261212,1.60384939],
[0.94855109,1.60313825],
[0.93470566,1.60220388],
[0.92107509,1.6010501],
[0.9076585,1.59968083],
[0.89445488,1.59810002],
[0.88146308,1.5963117],
[0.86868187,1.59431994],
[0.85610975,1.59212883],
[0.84374529,1.58974252],
[0.83158687,1.58716518],
[0.81963279,1.58440099],
[0.80788126,1.58145417],
[0.7963304,1.57832894],
[0.78497827,1.57502951],
[0.77382284,1.57156011],
[0.76286202,1.56792497],
[0.75209368,1.5641283],
[0.74151565,1.5601743],
[0.73112561,1.55606714],
[0.7209213,1.55181099],
[0.7109004,1.54740999],
[0.70106055,1.54286824],
[0.69139935,1.53818983],
[0.68191439,1.53337881],
[0.67260324,1.52843917],
[0.66346343,1.5233749],
[0.6544925,1.51818991],
[0.64568798,1.51288809],
[0.63704741,1.50747331],
[0.62856824,1.5019493],
[0.62024801,1.49631983],
[0.61208424,1.49058858],
[0.60407444,1.48475921],
[0.59621615,1.47883527],
[0.5885069,1.47282032],
[0.58094423,1.46671781],
[0.5735257,1.46053116],
[0.56624889,1.45426373],
[0.55911139,1.44791882],
[0.55211081,1.44149967],
[0.54524478,1.43500946],
[0.53851096,1.42845132],
[0.53190702,1.42182831],
[0.52543065,1.41514342],
[0.51907964,1.40839966],
[0.51285162,1.40159981],
[0.50674444,1.39474675],
[0.50075588,1.38784323],
[0.49488378,1.38089196],
[0.489126,1.3738956],
[0.48348043,1.36685672],
[0.47794499,1.35977786],
[0.47251762,1.35266149],
[0.4671963,1.34551002],
[0.46197904,1.33832582],
[0.45686389,1.33111118],
[0.4518489,1.32386835],
[0.44693219,1.31659952],
[0.44211188,1.30930683],
[0.43738614,1.30199237],
[0.43275316,1.29465816],
[0.42821116,1.28730618],
[0.42375841,1.27993835],
[0.41939318,1.27255657],
[0.4151138,1.26516264],
[0.41091865,1.25775841],
[0.40680603,1.25034548],
[0.40277439,1.24292561],
[0.39882217,1.23550042],
[0.39494783,1.22807151],
[0.39114986,1.2206404],
[0.3874268,1.21320862],
[0.38377719,1.2057776],
[0.38019962,1.19834877],
[0.37669269,1.19092349],
[0.37325504,1.18350311],
[0.36988534,1.17608889],
[0.36658227,1.16868211],
[0.36334455,1.16128397],
[0.36017093,1.15389564],
[0.35706017,1.14651826],
[0.35401106,1.13915294],
[0.35102243,1.13180074],
[0.34809311,1.1244627],
[0.34522197,1.1171398],
[0.3424079,1.10983301],
[0.33964982,1.10254328],
[0.33694669,1.09527154],
[0.33429741,1.08801856],
[0.33170099,1.08078525],
[0.32915643,1.07357239],
[0.32666274,1.06638074],
[0.32421901,1.05921119],
[0.32182425,1.05206425],
[0.31947759,1.04494085],
[0.31717809,1.03784144],
[0.31492493,1.03076688],
[0.31271721,1.02371768],
[0.31055407,1.01669435],
[0.30843475,1.00969766],
[0.30635839,1.00272795],
[0.30432425,0.99578597],
[0.30233152,0.98887201],
[0.3003795,0.98198676],
[0.29846739,0.97513049],
[0.29659454,0.96830384],
[0.29476018,0.96150704],
[0.29296368,0.95474069],
[0.29120431,0.94800497],
[0.28948148,0.94130047],
[0.28779447,0.93462732],
[0.28614272,0.92798607],
[0.28452556,0.92137682],
[0.28294244,0.91480009],
[0.28139271,0.90825595],
[0.27987586,0.90174488],
[0.27839126,0.89526692],
[0.27693842,0.88882253],
[0.27551675,0.88241172],
[0.27412577,0.8760349],
[0.27276494,0.86969218],
[0.27143374,0.86338365],
[0.27013172,0.85710966],
[0.26885835,0.8508702],
[0.2676132,0.84466559],
[0.26639579,0.83849579],
[0.26520568,0.83236111],
[0.2640424,0.82626148],
[0.26290557,0.82019718],
[0.26179472,0.81416813],
[0.26070948,0.8081746],
[0.25964941,0.80221647],
[0.25861415,0.796294],
[0.25760328,0.79040705],
[0.25661647,0.78455586],
[0.2556533,0.77874029],
[0.25471345,0.77296053],
[0.25379655,0.76721645],
[0.25290227,0.76150822],
[0.25203025,0.75583569],
[0.25118018,0.75019901],
[0.25035174,0.74459811],
[0.2495446,0.73903287],
[0.24875847,0.73350346],
[0.24799304,0.72800966],
[0.24724802,0.72255162],
[0.24652312,0.71712914],
[0.24581806,0.71174232],
[0.24513256,0.70639095],
[0.24446637,0.70107515],
[0.24381921,0.69579468],
[0.24319083,0.69054965],
[0.24258098,0.68533981],
[0.24198941,0.68016526],
[0.24141588,0.67502575],
[0.24086017,0.66992135],
[0.24032203,0.66485183],
[0.23980126,0.65981723],
[0.23929762,0.65481732],
[0.23881091,0.64985213],
[0.23834091,0.64492142],
[0.23788742,0.64002522],
[0.23745025,0.63516335],
[0.23702919,0.63033562],
[0.23662406,0.62554206],
[0.23623466,0.6207824],
[0.23586082,0.61605666],
[0.23550236,0.61136457],
[0.23515911,0.60670615],
[0.23483089,0.60208111],
[0.23451755,0.59748948],
[0.23421891,0.59293096],
[0.23393482,0.58840556],
[0.23366512,0.58391301],
[0.23340967,0.57945329],
[0.23316831,0.57502612],
[0.2329409,0.57063149],
[0.2327273,0.56626912],
[0.23252738,0.56193899],
[0.23234099,0.55764081],
[0.23216801,0.55337457],
[0.23200831,0.54913998],
[0.23186176,0.54493701],
[0.23172825,0.54076544],
[0.23160764,0.53662505],
[0.23149984,0.53251579],
[0.23140471,0.5284374],
[0.23132216,0.52438983],
[0.23125207,0.52037278],
[0.23119434,0.51638623],
[0.23114887,0.51242989],
[0.23111555,0.5085037],
[0.23109429,0.50460739],
[0.231085,0.5007409],
[0.23108757,0.49690395],
[0.23110192,0.49309649],
[0.23112797,0.48931824],
[0.23116562,0.48556914],
[0.23121479,0.48184891],
[0.2312754,0.47815748],
[0.23134737,0.47449459],
[0.23143062,0.47086016],
[0.23152508,0.46725392],
[0.23163067,0.46367581],
[0.23174733,0.46012555],
[0.23187498,0.45660307],
[0.23201356,0.45310815],
[0.232163,0.44964057],
[0.23232323,0.44620025],
[0.2324942,0.44278693],
[0.23267585,0.43940054],
[0.23286811,0.43604081],
[0.23307093,0.43270765],
[0.23328426,0.42940082],
[0.23350804,0.42612017],
[0.23374221,0.42286564],
[0.23398674,0.41963688],
[0.23424157,0.41643379],
[0.23450665,0.41325622],
[0.23478194,0.41010409],
[0.2350674,0.40697704],
[0.23536298,0.403875],
[0.23566864,0.4007978],
[0.23598434,0.39774536],
[0.23631005,0.39471734],
[0.23664572,0.39171366],
[0.23699132,0.38873424],
[0.23734682,0.38577873],
[0.23771219,0.38284707],
[0.23808739,0.37993909],
[0.23847238,0.3770547],
[0.23886716,0.37419358],
[0.23927168,0.37135565],
[0.23968593,0.36854074],
[0.24010985,0.36574878],
[0.24054346,0.36297943],
[0.24098671,0.36023262],
[0.24143958,0.3575082],
[0.24190205,0.35480607],
[0.24237412,0.35212593],
[0.24285575,0.34946769],
[0.24334692,0.3468312],
[0.24384762,0.34421638],
[0.24435784,0.34162291],
[0.24487757,0.33905072],
[0.24540679,0.33649966],
[0.24594547,0.33396964],
[0.24649362,0.33146037],
[0.24705124,0.32897176],
[0.24761828,0.32650374],
[0.24819477,0.324056],
[0.24878069,0.32162848],
[0.24937604,0.31922103],
[0.24998078,0.31683356],
[0.25059496,0.31446578],
[0.25121854,0.31211763],
[0.25185153,0.30978895],
[0.2524939,0.30747966],
[0.2531457,0.3051895],
[0.25380689,0.30291837],
[0.25447749,0.30066614],
[0.25515747,0.29843273],
[0.25584688,0.29621787],
[0.25654569,0.29402148],
[0.25725392,0.29184342],
[0.25797154,0.28968362],
[0.2586986,0.28754181],
[0.2594351,0.28541792],
[0.26018102,0.28331182],
[0.26093637,0.28122342],
[0.26170119,0.27915247],
[0.26247548,0.2770989],
[0.2632592,0.27506263],
[0.26405244,0.27304341],
[0.26485516,0.27104118],
[0.26566739,0.2690558],
[0.26648911,0.26708719],
[0.26732038,0.26513511],
[0.2681612,0.2631995],
[0.26901157,0.26128022],
[0.2698715,0.25937721],
[0.27074104,0.25749022],
[0.27162019,0.25561919],
[0.27250897,0.253764],
[0.27340736,0.25192457],
[0.27431544,0.25010067],
[0.2752332,0.24829224],
[0.27616067,0.24649916],
[0.27709783,0.24472136],
[0.27804476,0.2429586],
[0.27900145,0.24121084],
[0.27996791,0.239478],
[0.28094421,0.23775986],
[0.28193035,0.23605637],
[0.28292635,0.23436739],
[0.2839322,0.23269287],
[0.28494799,0.2310326],
[0.28597373,0.22938652],
[0.28700943,0.2277545],
[0.28805509,0.22613649],
[0.2891108,0.22453229],
[0.29017656,0.22294182],
[0.29125241,0.22136499],
[0.29233833,0.21980173],
[0.29343442,0.21825183],
[0.29454068,0.21671525],
[0.29565715,0.21519188],
[0.29678381,0.21368165],
[0.29792078,0.21218437],
[0.29906805,0.21069999],
[0.30022565,0.2092284],
[0.30139359,0.20776954],
[0.30257197,0.20632323],
[0.30376079,0.20488941],
[0.30496005,0.20346802],
[0.30616986,0.20205887],
[0.30739021,0.20066193],
[0.30862116,0.19927708],
[0.3098627,0.19790427],
[0.31111494,0.19654332],
[0.31237788,0.19519418],
[0.31365157,0.19385676],
[0.314936,0.19253101],
[0.31623131,0.19121674],
[0.31753747,0.18991391],
[0.31885455,0.18862243],
[0.32018255,0.18734224],
[0.32152157,0.18607318],
[0.32287164,0.1848152],
[0.32423279,0.18356821],
[0.32560503,0.18233216],
[0.32698849,0.18110689],
[0.32838316,0.17989235],
[0.3297891,0.17868845],
[0.33120631,0.17749514],
[0.33263493,0.17631228],
[0.33407495,0.17513981],
[0.33552638,0.17397768],
[0.33698937,0.17282574],
[0.33846391,0.17168395],
[0.33995005,0.17055222],
[0.34144781,0.16943052],
[0.34295731,0.16831868],
[0.34447857,0.16721667],
[0.34601165,0.16612441],
[0.34755654,0.16504186],
[0.34911339,0.16396886],
[0.35068221,0.16290539],
[0.35226305,0.16185136],
[0.35385593,0.16080673],
[0.35546098,0.15977136],
[0.35707822,0.15874522],
[0.3587077,0.15772822],
[0.36034944,0.15672033],
[0.36200358,0.15572141],
[0.36367014,0.15473143],
[0.36534913,0.15375033],
[0.36704069,0.152778],
[0.36874485,0.1518144],
[0.37046165,0.15085945],
[0.37219112,0.14991312],
[0.37393341,0.14897528],
[0.37568853,0.14804589],
[0.37745654,0.14712489],
[0.37923746,0.14621224],
[0.38103146,0.14530781],
[0.38283853,0.14441158],
[0.38465875,0.14352348],
[0.38649213,0.14264347],
[0.38833883,0.14177143],
[0.39019888,0.14090734],
[0.39207233,0.14005112],
[0.3939592,0.13920275],
[0.39585966,0.13836211],
[0.39777373,0.13752916],
[0.39970147,0.13670385],
[0.4016429,0.13588615],
[0.40359819,0.13507594],
[0.40556736,0.1342732],
[0.40755043,0.13347789],
[0.40954757,0.1326899],
[0.41155881,0.1319092],
[0.4135842,0.13113575],
[0.41562377,0.13036949],
[0.41767771,0.12961035],
[0.41974602,0.12885828],
[0.42182879,0.12811322],
[0.42392602,0.12737516],
[0.42603792,0.12664399],
[0.42816449,0.12591969],
[0.43030581,0.1252022],
[0.43246189,0.12449148],
[0.43463294,0.12378746],
[0.43681897,0.1230901],
[0.43902006,0.12239935],
[0.44123622,0.12171519],
[0.44346766,0.12103752],
[0.44571439,0.12036631],
[0.44797642,0.11970154],
[0.45025398,0.11904312],
[0.45254707,0.11839103],
[0.45485577,0.11774522],
[0.4571801,0.11710566],
[0.45952027,0.11647227],
[0.46187631,0.11584502],
[0.46424829,0.11522388],
[0.46663623,0.11460881],
[0.46904034,0.11399973],
[0.47146066,0.11339662],
[0.47389725,0.11279944],
[0.47635014,0.11220817],
[0.47881955,0.11162272],
[0.48130551,0.11104307],
[0.48380809,0.11046919],
[0.48632731,0.10990105],
[0.48886341,0.10933858],
[0.4914164,0.10878175],
[0.49398637,0.10823053],
[0.49657334,0.10768489],
[0.49917754,0.10714476],
[0.501799,0.10661013],
[0.50443773,0.10608097],
[0.50709396,0.10555721],
[0.50976773,0.10503884],
[0.51245912,0.10452581],
[0.51516814,0.10401812],
[0.51789505,0.10351568],
[0.52063987,0.10301849],
[0.52340268,0.10252651],
[0.52618351,0.10203971],
[0.5289826,0.10155805],
[0.53179999,0.1010815],
[0.53463576,0.10061002],
[0.53748993,0.1001436],
[0.54036276,0.09968219],
[0.54325427,0.09922576],
[0.54616456,0.09877428],
[0.54909364,0.09832774],
[0.55204179,0.09788608],
[0.55500901,0.09744929],
[0.55799542,0.09701733],
[0.56100102,0.09659018],
[0.56402609,0.09616781],
[0.56707065,0.09575018],
[0.57013471,0.0953373],
[0.57321856,0.09492909],
[0.5763222,0.09452556],
[0.57944575,0.09412667],
[0.58258921,0.09373241],
[0.58575288,0.09334273],
[0.58893678,0.09295762],
[0.592141,0.09257706],
[0.59536556,0.09220102],
[0.59861077,0.09182947],
[0.60187662,0.0914624],
[0.60516324,0.09109977],
[0.60847063,0.09074158],
[0.6117991,0.09038779],
[0.61514866,0.09003838],
[0.61851942,0.08969333],
[0.62191149,0.08935263],
[0.62532499,0.08901624],
[0.62875983,0.08868418],
[0.63221652,0.08835638],
[0.63569497,0.08803284],
[0.6391953,0.08771354],
[0.64271762,0.08739847],
[0.64626205,0.08708761],
[0.6498287,0.08678093],
[0.65341748,0.08647845],
[0.65702892,0.0861801],
[0.66066293,0.08588589],
[0.66431963,0.08559581],
[0.66799913,0.08530983],
[0.67170156,0.08502794],
[0.67542702,0.08475013],
[0.67917565,0.08447638],
[0.68294734,0.0842067],
[0.68674265,0.08394104],
[0.69056147,0.08367939],
[0.69440394,0.08342176],
[0.69827016,0.08316812],
[0.70216027,0.08291847],
[0.70607439,0.08267279],
[0.71001239,0.08243109],
[0.71397488,0.08219333],
[0.71796174,0.0819595],
[0.72197309,0.08172961],
[0.72600906,0.08150364],
[0.73006978,0.08128158],
[0.73415536,0.08106343],
[0.73826593,0.08084918],
[0.74240138,0.08063882],
[0.74656232,0.08043234],
[0.75074862,0.08022973],
[0.75496042,0.08003098],
[0.75919784,0.07983611],
[0.763461,0.07964508],
[0.76775005,0.07945791],
[0.7720651,0.07927459],
[0.77640602,0.07909513],
[0.78077346,0.07891949],
[0.78516728,0.07874769],
[0.78958762,0.07857972],
[0.7940346,0.07841559],
[0.79850836,0.07825529],
[0.80300902,0.07809882],
[0.80753645,0.07794618],
[0.8120913,0.07779737],
[0.81667345,0.07765238],
[0.82128301,0.07751123],
[0.82592013,0.07737391],
[0.83058494,0.07724041],
[0.83527755,0.07711076],
[0.83999811,0.07698494],
[0.84474648,0.07686297],
[0.84952331,0.07674484],
[0.8543285,0.07663056],
[0.85916214,0.07652014],
[0.86402439,0.07641358],
[0.86891536,0.07631088],
[0.87383521,0.07621206],
[0.87878404,0.07611712],
[0.88376171,0.07602607],
[0.88876892,0.07593891],
[0.89380552,0.07585566],
[0.89887164,0.07577633],
[0.90396741,0.07570092],
[0.90909296,0.07562945],
[0.91424842,0.07556193],
[0.91943362,0.07549837],
[0.92464929,0.07543878],
[0.92989528,0.07538318],
[0.93517169,0.07533159],
[0.94047867,0.075284],
[0.94581634,0.07524045],
[0.95118483,0.07520094],
[0.95658428,0.07516551],
[0.96201449,0.07513415],
[0.96747623,0.07510689],
[0.97296931,0.07508375],
[0.97849386,0.07506475],
[0.98404999,0.07504991],
[0.98963786,0.07503925],
[0.99525757,0.07503279],
[1.00090925,0.07503055],
[1.0065927,0.07503257],
[1.01230871,0.07503886],
[1.01805705,0.07504945],
[1.02383788,0.07506436],
[1.02965131,0.07508362],
[1.03549744,0.07510726],
[1.04137642,0.07513532],
[1.04728801,0.0751678],
[1.05323302,0.07520476],
[1.05921124,0.07524622],
[1.06522277,0.07529221],
[1.07126774,0.07534276],
[1.07734626,0.07539792],
[1.08345844,0.07545771],
[1.0896044,0.07552217],
[1.0957839,0.07559134],
[1.10199776,0.07566526],
[1.10824574,0.07574396],
[1.11452794,0.0758275],
[1.12084448,0.0759159],
[1.12719545,0.07600922],
[1.13358097,0.07610749],
[1.14000114,0.07621076],
[1.14645569,0.07631908],
[1.15294547,0.07643249],
[1.1594702,0.07655106],
[1.16602997,0.07667481],
[1.1726249,0.07680382],
[1.17925506,0.07693812],
[1.18592055,0.07707777],
[1.19262107,0.07722283],
[1.19935749,0.07737336],
[1.20612951,0.07752941],
[1.2129372,0.07769105],
[1.21978066,0.07785833],
[1.22665995,0.07803133],
[1.23357516,0.07821009],
[1.24052636,0.07839469],
[1.24751322,0.07858519],
[1.25453661,0.07878167],
[1.2615962,0.0789842],
[1.26869205,0.07919285],
[1.27582422,0.07940769],
[1.28299277,0.07962881],
[1.29019776,0.07985627],
[1.29743923,0.08009015],
[1.30471681,0.08033054],
[1.31203139,0.08057753],
[1.31938259,0.0808312],
[1.32677045,0.08109163],
[1.33419499,0.08135893],
[1.34165626,0.08163317],
[1.34915427,0.08191446],
[1.35668861,0.08220286],
[1.36426017,0.08249853],
[1.37186854,0.08280153],
[1.37951371,0.08311198],
[1.3871957,0.08342998],
[1.39491449,0.08375563],
[1.40267009,0.08408905],
[1.41046249,0.08443036],
[1.41829122,0.08477964],
[1.42615716,0.08513706],
[1.43405984,0.08550272],
[1.44199922,0.08587674],
[1.44997525,0.08625925],
[1.45798792,0.08665038],
[1.46603716,0.08705027],
[1.47412244,0.08745903],
[1.48224464,0.08787683],
[1.49040324,0.08830382],
[1.49859814,0.08874012],
[1.50682926,0.08918589],
[1.51509653,0.08964128],
[1.52339983,0.09010646],
[1.53173907,0.09058157],
[1.54011363,0.09106676],
[1.54852439,0.09156225],
[1.55697072,0.09206819],
[1.56545247,0.09258474],
[1.57396952,0.09311209],
[1.58252169,0.09365043],
[1.59110882,0.09419994],
[1.59973076,0.09476081],
[1.60838679,0.09533321],
[1.61707774,0.09591741],
[1.6258029,0.09651358],
[1.63456204,0.09712193],
[1.64335496,0.09774268],
[1.65218141,0.09837605],
[1.66104113,0.09902227],
[1.66993336,0.09968152],
[1.67885885,0.10035413],
[1.68781681,0.10104029],
[1.69680694,0.10174026],
[1.70582892,0.10245429],
[1.71488243,0.10318265],
[1.72396714,0.10392558],
[1.73308269,0.10468338],
[1.74222817,0.10545627],
[1.7514043,0.10624462],
[1.76061011,0.10704869],
[1.7698452,0.10786878],
[1.77910916,0.10870518],
[1.78840152,0.10955821],
[1.79772184,0.1104282],
[1.80706962,0.11131546],
[1.81644383,0.11222028],
[1.82584504,0.11314312],
[1.83527217,0.11408426],
[1.84472467,0.11504407],
[1.85420197,0.11602292],
[1.86370347,0.11702118],
[1.87322856,0.11803923],
[1.88277604,0.11907742],
[1.89234637,0.12013626],
[1.90193831,0.1212161],
[1.91155117,0.12231737],
[1.92118422,0.12344051],
[1.93083669,0.12458594],
[1.94050783,0.12575413],
[1.95019683,0.12694553],
[1.95990229,0.12816056],
[1.9696245,0.12939983],
[1.97936202,0.13066377],
[1.98911391,0.13195289],
[1.99887927,0.13326771],
[2.00865711,0.13460875],
[2.01844646,0.13597656],
[2.02824626,0.1373717],
[2.0380549,0.13879464],
[2.04787244,0.14024615],
[2.05769717,0.14172672],
[2.06752794,0.14323697],
[2.07736357,0.14477753],
[2.08720282,0.14634901],
[2.09704443,0.14795208],
[2.10688652,0.14958731],
[2.11672892,0.15125556],
[2.12656967,0.15295743],
[2.13640735,0.15469365],
[2.14624053,0.15646492],
[2.15606768,0.15827201],
[2.16588728,0.16011565],
[2.17569775,0.16199664],
[2.18549691,0.16391565],
[2.1952842,0.16587371],
[2.20505736,0.16787155],
[2.21481462,0.16991,],
[2.22455416,0.17198994],
[2.23427415,0.17411224],
[2.24397266,0.1762778],
[2.25364773,0.17848756],
[2.26329681,0.1807423],
[2.27291896,0.18304326],
[2.28251149,0.18539129],
[2.29207225,0.18778738],
[2.301599,0.19023255],
[2.31108947,0.19272785],
[2.32054131,0.19527433],
[2.3299516,0.19787293],
[2.33931897,0.20052505],
[2.34864036,0.20323167],
[2.35791318,0.20599392],
[2.36713483,0.208813],
[2.37630258,0.21169007],
[2.38541367,0.21462635],
[2.39446528,0.21762309],
[2.40345401,0.22068135],
[2.41237791,0.22380278],
[2.42123346,0.22698849],
[2.43001757,0.23023982],
[2.43872706,0.2335581],
[2.44735871,0.23694472],
[2.45590921,0.24040105],
[2.46437472,0.24392831],
[2.47275276,0.24752833],
[2.48103934,0.25120238],
[2.48923087,0.25495192],
[2.49732371,0.25877848],
[2.5053141,0.26268354],
[2.51319827,0.26666867],
[2.52097232,0.27073541],
[2.52863188,0.27488511],
[2.53617383,0.27911984],
[2.54359361,0.28344098],
[2.55088708,0.28785016],
[2.55805001,0.29234904],
[2.56507807,0.29693927],
[2.57196689,0.30162253],
[2.57871204,0.30640052],
[2.58530861,0.31127465],
[2.59175281,0.31624722],
[2.59803958,0.32131964],
[2.60416422,0.32649369],
[2.61012196,0.33177107],
[2.61590794,0.33715355],
[2.62151729,0.34264287],
[2.62694472,0.34824043],
[2.63218587,0.35394867],
[2.63723533,0.35976899],
[2.64208801,0.36570313],
[2.64673873,0.37175282],
[2.6511823,0.3779198],
[2.65541346,0.38420576],
[2.65942694,0.39061241],
[2.66321721,0.39714104],
[2.66677935,0.40379405],
[2.67010778,0.4105727],
[2.67319711,0.41747859],
[2.67604194,0.4245133],
[2.67863685,0.43167834],
[2.68097644,0.43897523],
[2.68305528,0.44640539],
[2.68486789,0.45396978],
[2.6864091,0.46167064],
[2.68767341,0.46950882],
[2.6886555,0.47748554],
[2.68935007,0.48560198],
[2.68975188,0.49385921],
[2.68985571,0.50225827],
[2.68965646,0.51079956],
[2.68914904,0.51948494],
[2.68832847,0.52831466],
[2.68718984,0.53728937],
[2.68572837,0.54640964],
[2.68393936,0.55567588],
[2.68181822,0.56508843],
[2.67936051,0.57464751],
[2.67656213,0.5843526],
[2.67341856,0.59420477],
[2.66992597,0.60420327],
[2.66608055,0.61434775],
[2.66187863,0.62463774],
[2.65731677,0.63507255],
[2.65239174,0.64565139],
[2.6471005,0.65637326],
[2.6414406,0.66723637],
[2.6354088,0.67824064],
[2.62900314,0.68938391],
[2.62222154,0.70066449],
[2.61506223,0.71208045],
[2.60752372,0.72362967],
[2.59960482,0.73530982],
[2.59130511,0.74711772],
[2.58262303,0.75905197],
[2.5735588,0.77110896],
[2.56411249,0.7832855],
[2.55428451,0.79557819],
[2.5440756,0.80798342],
[2.53348688,0.82049736],
[2.52251985,0.8331159],
[2.51117698,0.84583404],
[2.49945921,0.85864869],
[2.48736977,0.8715544],
[2.47491161,0.8845462],
[2.46208813,0.89761888],
[2.44890306,0.91076701],
[2.43536056,0.92398496],
[2.42146514,0.93726691],
[2.40722259,0.95060597],
[2.3926365,0.96399749],
[2.37771342,0.97743421],
[2.36245943,0.99090947],
[2.3468809,1.00441648],
[2.33098474,1.01794819],
[2.31477806,1.03149744],
[2.29826937,1.04505613],
[2.28146465,1.05861833],
[2.26437304,1.07217566],
[2.24700307,1.08572039],
[2.22936361,1.09924464],
[2.21146378,1.11274049],
[2.193313,1.12619989],
[2.17492105,1.13961469],
[2.15629886,1.15297601],
[2.13745455,1.16627712],
[2.11839956,1.17950904],
[2.09914452,1.19266346],
[2.07970022,1.20573215],
[2.06007765,1.21870681],
[2.0402879,1.23157923],
[2.0203434,1.24434048],
[2.00025312,1.25698392],
[1.98002973,1.26950073],
[1.95968461,1.28188299],
[1.93922941,1.29412279],
[1.91867561,1.30621241],
[1.89803484,1.31814421],
[1.87731859,1.32991076],
[1.85653963,1.34150406],
[1.83570694,1.35291835],
[1.81483315,1.36414597],
[1.79392953,1.37518019],
[1.77300722,1.38601446],
[1.75207727,1.39664247],
[1.73115054,1.40705813],
[1.71023778,1.41725556],
[1.6893507,1.4272286],
[1.66849719,1.43697306],
[1.64768866,1.44648327],
[1.62693495,1.45575439],
[1.60624571,1.46478191],
[1.58563038,1.47356153],
[1.56509808,1.48208929],
[1.54465887,1.49036102],
[1.524319,1.49837428],
[1.50408794,1.50612547],
[1.48397371,1.51361176],
[1.46398405,1.52083061],
[1.44412634,1.52777979],
[1.42440771,1.53445734],
[1.4048349,1.54086163],
[1.38541554,1.54699089],
[1.36615355,1.55284476],
[1.34705589,1.55842204],
[1.32812802,1.56372222],
[1.30937523,1.56874498],
[1.29080238,1.57349033],
[1.27241405,1.5779585],
[1.25421454,1.58214998],
[1.23620882,1.5860653],
[1.21839847,1.58970587],
[1.20078796,1.59307267],
[1.18338033,1.59616711],
[1.16617841,1.59899083],
[1.14918466,1.60154567],
[1.1324014,1.60383365],
[1.11583153,1.60585691],
[1.09947485,1.60761807],
[1.08333381,1.60911959],
[1.06740965,1.6103642],
[1.05170336,1.61135479],
[1.03621572,1.61209441],
[1.02094729,1.61258621],
[1.00589841,1.61283351],
[0.99107008,1.61283972],
[0.97646052,1.61260838],
[0.96207036,1.61214309],
[0.9478992,1.6114476],
[0.93394647,1.61052572],
[0.92021142,1.60938132],
[0.90669315,1.60801839],
[0.89339064,1.60644091],
[0.88030349,1.60465312],
[0.86742885,1.6026589],
[0.85476609,1.60046254],
[0.84231366,1.59806824],
[0.83006995,1.59548023],
[0.81803321,1.59270278],
[0.80620161,1.58974015],
[0.79457391,1.58659683],
[0.78314678,1.58327674],
[0.77191883,1.57978436],
[0.76088793,1.57612397],
[0.7500519,1.57229985],
[0.73940849,1.5683163],
[0.7289554,1.56417753],
[0.71869032,1.55988781],
[0.70861143,1.55545158],
[0.69871517,1.55087253],
[0.68899968,1.54615503],
[0.67946249,1.54130322],
[0.67010112,1.53632116],
[0.66091308,1.5312129],
[0.65189584,1.52598242],
[0.64304688,1.52063366],
[0.63436417,1.51517088],
[0.62584416,1.50959724],
[0.61748482,1.50391691],
[0.60928363,1.49813361],
[0.60123804,1.49225104],
[0.59334555,1.48627285],
[0.58560364,1.48020261],
[0.57801025,1.47404422],
[0.57056201,1.46780043],
[0.5632569,1.461475],
[0.55609247,1.4550713],
[0.54906628,1.4485926],
[0.54217592,1.44204214],
[0.535419,1.43542308],
[0.52879317,1.42873856],
[0.52229643,1.42199198],
[0.51592574,1.41518558],
[0.50967919,1.40832266],
[0.5035545,1.40140609],
[0.49754946,1.39443868],
[0.49166183,1.38742316],
[0.48588947,1.38036222],
[0.48023022,1.3732585],
[0.47468228,1.36611496],
[0.46924292,1.35893329],
[0.46391043,1.35171634],
[0.45868277,1.34446652],
[0.45355795,1.33718614],
[0.44853402,1.32987749],
[0.44360905,1.32254278],
[0.43878141,1.31518461],
[0.43404869,1.30780424],
[0.42940934,1.30040414],
[0.42486156,1.29298632],
[0.42040356,1.28555272],
[0.41603363,1.27810527],
[0.41175006,1.27064579],
[0.40755115,1.26317608],
[0.40343529,1.2556979],
[0.39940085,1.24821293],
[0.39544624,1.24072284],
[0.39156993,1.23322925],
[0.3877708,1.22573456],
[0.3840465,1.21823856],
[0.38039599,1.21074359],
[0.37681786,1.20325108],
[0.37331068,1.19576241],
[0.36987308,1.18827892],
[0.3665037,1.18080193],
[0.36320123,1.1733327],
[0.35996435,1.16587242],
[0.35679181,1.15842231],
[0.35368235,1.15098352],
[0.35063475,1.14355714],
[0.34764783,1.13614426],
[0.3447204,1.12874591]]