[[1.48005966,1.5073682],
[1.46024365,1.51447125],
[1.44055921,1.52130699],
[1.42101331,1.52787359],
[1.40161259,1.53416947],
[1.38236338,1.54019336],
[1.3632717,1.54594423],
[1.34434327,1.55142134],
[1.32558347,1.55662423],
[1.30699742,1.56155269],
[1.28858986,1.56620676],
[1.2703653,1.57058675],
[1.25232786,1.5746932],
[1.23448145,1.57852689],
[1.21682963,1.58208884],
[1.1993757,1.58538029],
[1.18212263,1.58840268],
[1.16507315,1.59115768],
[1.14822971,1.59364715],
[1.13159451,1.59587313],
[1.11516944,1.59783788],
[1.09895618,1.59954379],
[1.08295617,1.60099344],
[1.0671706,1.60218957],
[1.05160037,1.60313506],
[1.03624631,1.60383293],
[1.0211089,1.60428635],
[1.0061884,1.60449858],
[0.99148505,1.60447302],
[0.97699867,1.60421318],
[0.9627291,1.60372266],
[0.9486759,1.60300514],
[0.93483842,1.6020644],
[0.92121602,1.60090429],
[0.90780776,1.59952874],
[0.89461259,1.59794171],
[0.8816294,1.59614724],
[0.86885686,1.5941494],
[0.85629362,1.59195233],
[0.84393814,1.58956018],
[0.83178876,1.58697711],
[0.81984385,1.58420734],
[0.80810157,1.58125508],
[0.79655999,1.57812456],
[0.78521724,1.57482002],
[0.7740712,1.57134568],
[0.76311986,1.5677058],
[0.75236102,1.56390458],
[0.74179244,1.55994621],
[0.73141191,1.55583491],
[0.72121718,1.55157486],
[0.71120579,1.54717015],
[0.70137545,1.54262494],
[0.6917238,1.53794333],
[0.68224831,1.53312931],
[0.6729466,1.52818693],
[0.66381625,1.52312019],
[0.65485469,1.51793297],
[0.64605949,1.51262917],
[0.63742816,1.50721264],
[0.62895825,1.5016872],
[0.62064717,1.49605653],
[0.61249249,1.49032436],
[0.60449175,1.48449435],
[0.5966424,1.47857003],
[0.58894201,1.47255495],
[0.58138816,1.46645262],
[0.57397833,1.46026638],
[0.56671013,1.45399963],
[0.55958119,1.44765571],
[0.55258903,1.44123777],
[0.54573134,1.43474904],
[0.53900575,1.42819264],
[0.53240998,1.42157166],
[0.52594166,1.41488904],
[0.51959853,1.40814775],
[0.51337838,1.40135071],
[0.50727893,1.39450067],
[0.50129799,1.38760042],
[0.49543345,1.38065271],
[0.48968309,1.3736601],
[0.48404483,1.36662522],
[0.47851663,1.35955063],
[0.47309636,1.35243872],
[0.46778204,1.34529194],
[0.4625717,1.33811269],
[0.45746333,1.33090318],
[0.45245503,1.3236657],
[0.44754489,1.31640242],
[0.44273108,1.30911554],
[0.43801171,1.30180704],
[0.433385,1.29447899],
[0.4288492,1.2871334],
[0.42440252,1.27977212],
[0.42004327,1.27239707],
[0.41576979,1.26501009],
[0.41158038,1.25761288],
[0.40747344,1.25020721],
[0.40344742,1.2427948],
[0.39950067,1.23537715],
[0.39563176,1.22795601],
[0.39183913,1.22053283],
[0.38812127,1.21310904],
[0.38447683,1.20568624],
[0.38090433,1.19826576],
[0.37740235,1.19084889],
[0.37396961,1.18343712],
[0.37060474,1.17603165],
[0.36730638,1.16863364],
[0.36407334,1.16124448],
[0.36090431,1.15386524],
[0.35779803,1.14649697],
[0.35475337,1.13914094],
[0.35176911,1.13179814],
[0.34884406,1.12446949],
[0.34597716,1.11715617],
[0.34316726,1.10985905],
[0.34041326,1.10257897],
[0.33771414,1.095317],
[0.33506881,1.08807384],
[0.33247631,1.08085048],
[0.32993561,1.07364766],
[0.32744571,1.06646606],
[0.32500571,1.0593066],
[0.32261466,1.05216992],
[0.3202716,1.04505664],
[0.3179757,1.03796758],
[0.31572606,1.03090331],
[0.31352179,1.02386436],
[0.31136211,1.0168515],
[0.30924617,1.0098652],
[0.30717315,1.00290595],
[0.30514232,0.99597443],
[0.30315287,0.98907105],
[0.30120404,0.98219623],
[0.29929514,0.97535057],
[0.29742542,0.96853446],
[0.29559418,0.96174823],
[0.29380075,0.95499243],
[0.29204445,0.94826738],
[0.2903246,0.94157336],
[0.28864059,0.93491088],
[0.28699179,0.92828019],
[0.28537755,0.92168153],
[0.28379732,0.91511535],
[0.28225046,0.90858179],
[0.28073644,0.90208125],
[0.27925469,0.89561391],
[0.27780462,0.88917995],
[0.27638575,0.88277973],
[0.27499752,0.87641338],
[0.27363941,0.87008103],
[0.27231095,0.86378302],
[0.27101162,0.85751943],
[0.26974094,0.85129035],
[0.26849846,0.84509608],
[0.26728371,0.83893669],
[0.26609622,0.83281221],
[0.2649356,0.82672291],
[0.26380138,0.82066881],
[0.26269314,0.81464995],
[0.26161049,0.80866655],
[0.26055302,0.80271859],
[0.25952032,0.79680609],
[0.25851204,0.79092924],
[0.25752779,0.785088],
[0.25656718,0.77928235],
[0.25562989,0.77351246],
[0.25471554,0.76777827],
[0.2538238,0.76207973],
[0.25295433,0.75641699],
[0.25210681,0.75078997],
[0.2512809,0.7451986],
[0.25047631,0.73964301],
[0.24969271,0.73412301],
[0.24892983,0.72863874],
[0.24818735,0.72319008],
[0.247465,0.71777693],
[0.24676249,0.71239937],
[0.24607955,0.70705729],
[0.24541591,0.70175056],
[0.24477131,0.69647925],
[0.2441455,0.69124323],
[0.24353822,0.68604237],
[0.24294923,0.68087671],
[0.24237829,0.6757461],
[0.24182517,0.6706504],
[0.24128964,0.66558965],
[0.24077147,0.66056368],
[0.24027045,0.65557235],
[0.23978637,0.65061566],
[0.23931901,0.64569345],
[0.23886817,0.64080556],
[0.23843366,0.63595198],
[0.23801527,0.63113255],
[0.23761282,0.62634709],
[0.23722612,0.62159553],
[0.236855,0.61687787],
[0.23649927,0.61219374],
[0.23615875,0.60754315],
[0.23583329,0.60292605],
[0.23552271,0.5983421],
[0.23522685,0.59379127],
[0.23494557,0.58927352],
[0.23467868,0.58478851],
[0.23442606,0.58033619],
[0.23418756,0.57591652],
[0.23396301,0.57152916],
[0.2337523,0.56717405],
[0.23355528,0.56285114],
[0.23337181,0.55856008],
[0.23320177,0.55430082],
[0.23304504,0.55007331],
[0.23290147,0.54587718],
[0.23277095,0.54171238],
[0.23265337,0.53757884],
[0.23254861,0.53347622],
[0.23245655,0.52940444],
[0.23237708,0.52536345],
[0.2323101,0.52135289],
[0.2322555,0.51737268],
[0.23221318,0.51342276],
[0.23218304,0.50950278],
[0.23216498,0.50561267],
[0.23215891,0.50175234],
[0.23216473,0.49792145],
[0.23218236,0.49411992],
[0.2322117,0.49034768],
[0.23225267,0.48660437],
[0.23230519,0.48288991],
[0.23236917,0.47920423],
[0.23244454,0.47554698],
[0.23253122,0.47191807],
[0.23262913,0.46831743],
[0.23273821,0.4647447],
[0.23285837,0.46119981],
[0.23298956,0.45768267],
[0.2331317,0.45419294],
[0.23328473,0.45073053],
[0.23344859,0.44729527],
[0.2336232,0.44388708],
[0.23380853,0.44050561],
[0.2340045,0.43715079],
[0.23421105,0.43382251],
[0.23442815,0.43052045],
[0.23465573,0.42724453],
[0.23489373,0.42399464],
[0.23514212,0.42077046],
[0.23540084,0.41757191],
[0.23566985,0.41439888],
[0.2359491,0.41125106],
[0.23623855,0.40812836],
[0.23653814,0.40503067],
[0.23684786,0.40195769],
[0.23716765,0.39890933],
[0.23749747,0.39588548],
[0.2378373,0.39288584],
[0.2381871,0.38991032],
[0.23854682,0.38695881],
[0.23891645,0.38403102],
[0.23929594,0.38112684],
[0.23968526,0.37824619],
[0.24008441,0.37538877],
[0.24049333,0.37255447],
[0.240912,0.36974321],
[0.24134041,0.36695469],
[0.24177853,0.36418882],
[0.24222632,0.3614455],
[0.24268378,0.35872444],
[0.24315088,0.35602554],
[0.2436276,0.35334872],
[0.24411393,0.35069369],
[0.24460984,0.34806035],
[0.24511532,0.34544861],
[0.24563036,0.3428582],
[0.24615495,0.34028901],
[0.24668905,0.33774095],
[0.24723268,0.33521376],
[0.24778581,0.33270734],
[0.24834843,0.33022159],
[0.24892055,0.32775624],
[0.24950214,0.32531122],
[0.2500932,0.32288641],
[0.25069373,0.32048157],
[0.25130372,0.31809659],
[0.25192315,0.31573139],
[0.25255205,0.3133857],
[0.2531904,0.31105945],
[0.25383817,0.30875254],
[0.25449541,0.30646471],
[0.2551621,0.30419588],
[0.25583823,0.3019459],
[0.2565238,0.29971469],
[0.25721883,0.29750199],
[0.25792332,0.29530773],
[0.25863725,0.29313181],
[0.25936065,0.29097399],
[0.26009353,0.28883419],
[0.26083587,0.28671231],
[0.2615877,0.28460813],
[0.26234903,0.28252156],
[0.26311984,0.28045251],
[0.26390017,0.27840075],
[0.26469002,0.27636619],
[0.26548938,0.27434876],
[0.26629831,0.27234823],
[0.26711678,0.27036451],
[0.26794481,0.26839752],
[0.26878243,0.26644704],
[0.26962965,0.26451299],
[0.27048646,0.26259528],
[0.27135292,0.26069371],
[0.27222902,0.25880818],
[0.27311476,0.25693863],
[0.2740102,0.25508483],
[0.27491534,0.25324671],
[0.27583017,0.25142419],
[0.27675475,0.24961706],
[0.2776891,0.24782525],
[0.2786332,0.24604868],
[0.27958712,0.24428714],
[0.28055086,0.24254057],
[0.28152443,0.24080887],
[0.28250789,0.23909186],
[0.28350124,0.23738947],
[0.28450448,0.23570161],
[0.2855177,0.23402809],
[0.28654088,0.23236884],
[0.28757404,0.23072379],
[0.28861724,0.22909275],
[0.2896705,0.22747564],
[0.29073381,0.2258724],
[0.29180726,0.22428283],
[0.29289084,0.22270687],
[0.29398458,0.22114446],
[0.29508854,0.2195954],
[0.29620273,0.21805963],
[0.29732716,0.21653708],
[0.29846192,0.21502757],
[0.299607,0.21353104],
[0.30076242,0.21204742],
[0.30192827,0.21057654],
[0.30310456,0.20911833],
[0.30429128,0.20767272],
[0.30548854,0.20623954],
[0.30669634,0.20481874],
[0.30791472,0.20341022],
[0.30914369,0.2020139],
[0.31038334,0.20062963],
[0.31163369,0.19925735],
[0.31289474,0.19789698],
[0.31416659,0.19654838],
[0.31544926,0.19521148],
[0.31674275,0.19388622],
[0.31804717,0.19257244],
[0.31936253,0.19127009],
[0.32068884,0.1899791],
[0.3220262,0.18869933],
[0.32337463,0.18743071],
[0.32473414,0.18617318],
[0.32610484,0.18492661],
[0.32748674,0.18369092],
[0.32887986,0.18246607],
[0.3302843,0.18125191],
[0.33170009,0.18004839],
[0.33312723,0.17885544],
[0.33456583,0.17767292],
[0.33601593,0.1765008],
[0.33747752,0.175339],
[0.33895073,0.17418739],
[0.34043557,0.17304592],
[0.34193206,0.17191453],
[0.34344032,0.17079309],
[0.34496036,0.16968156],
[0.34649221,0.16857987],
[0.34803598,0.1674879],
[0.3495917,0.16640559],
[0.35115937,0.1653329],
[0.35273914,0.1642697],
[0.354331,0.16321594],
[0.355935,0.16217157],
[0.35755124,0.16113646],
[0.35917976,0.16011058],
[0.36082057,0.15909386],
[0.3624738,0.15808619],
[0.36413947,0.15708753],
[0.36581761,0.15609782],
[0.36750834,0.15511695],
[0.3692117,0.15414487],
[0.3709277,0.15318154],
[0.37265647,0.15222684],
[0.37439804,0.15128073],
[0.37615248,0.15034314],
[0.37791984,0.149414],
[0.3797001,0.1484933],
[0.38149349,0.14758087],
[0.38329999,0.14667671],
[0.38511966,0.14578074],
[0.38695258,0.1448929],
[0.3887988,0.14401313],
[0.3906583,0.14314141],
[0.39253132,0.14227759],
[0.39441784,0.14142165],
[0.39631793,0.14057353],
[0.39823166,0.13973318],
[0.40015909,0.13890054],
[0.4021002,0.13807557],
[0.40405524,0.13725815],
[0.40602418,0.13644826],
[0.40800711,0.13564584],
[0.41000409,0.13485083],
[0.41201518,0.13406318],
[0.41404038,0.13328287],
[0.41607993,0.13250977],
[0.41813382,0.13174386],
[0.42020212,0.13098509],
[0.4222849,0.1302334],
[0.42438223,0.12948874],
[0.4264941,0.1287511],
[0.42862077,0.12802034],
[0.43076222,0.12729646],
[0.43291853,0.12657941],
[0.43508977,0.12586913],
[0.43727603,0.12516557],
[0.43947737,0.12446869],
[0.44169377,0.12377846],
[0.44392553,0.12309478],
[0.4461726,0.12241762],
[0.44843508,0.12174694],
[0.45071304,0.1210827],
[0.45300657,0.12042485],
[0.45531563,0.11977336],
[0.45764053,0.11912814],
[0.45998123,0.11848917],
[0.46233783,0.11785641],
[0.46471041,0.11722981],
[0.46709904,0.11660932],
[0.4695037,0.11599494],
[0.4719247,0.11538656],
[0.47436201,0.11478417],
[0.47681572,0.11418772],
[0.47928592,0.11359718],
[0.48177268,0.11301251],
[0.48427599,0.11243368],
[0.48679617,0.11186062],
[0.48933318,0.1112933],
[0.49188711,0.11073168],
[0.49445805,0.11017573],
[0.4970461,0.10962541],
[0.49965121,0.10908071],
[0.50227375,0.10854153],
[0.50491364,0.10800787],
[0.50757101,0.10747969],
[0.51024594,0.10695695],
[0.51293852,0.10643962],
[0.51564873,0.10592769],
[0.5183769,0.10542107],
[0.52112301,0.10491976],
[0.52388714,0.10442372],
[0.52666941,0.10393291],
[0.52946989,0.10344731],
[0.53228857,0.1029669],
[0.53512579,0.10249161],
[0.53798152,0.10202142],
[0.54085587,0.10155631],
[0.54374893,0.10109625],
[0.5466608,0.1006412],
[0.54959143,0.10019115],
[0.55254122,0.09974604],
[0.55551012,0.09930585],
[0.55849823,0.09887056],
[0.56150565,0.09844014],
[0.56453249,0.09801456],
[0.5675787,0.09759381],
[0.57064469,0.09717783],
[0.57373038,0.0967666],
[0.57683592,0.09636011],
[0.57996139,0.09595832],
[0.5831069,0.09556122],
[0.58627255,0.09516877],
[0.58945831,0.09478097],
[0.59266457,0.09439775],
[0.59589131,0.09401912],
[0.5991386,0.09364505],
[0.6024066,0.09327552],
[0.60569537,0.0929105],
[0.60900489,0.09254998],
[0.61233558,0.09219392],
[0.61568738,0.09184231],
[0.61906042,0.09149512],
[0.6224548,0.09115234],
[0.62587063,0.09081395],
[0.62930786,0.09047993],
[0.63276693,0.09015025],
[0.63624779,0.0898249],
[0.63975056,0.08950385],
[0.64327534,0.0891871],
[0.64682226,0.08887462],
[0.65039126,0.0885664],
[0.65398278,0.08826242],
[0.65759678,0.08796265],
[0.66123338,0.08766709],
[0.66489269,0.08737572],
[0.66857482,0.08708853],
[0.67227973,0.0868055],
[0.67600787,0.08652661],
[0.6797592,0.08625186],
[0.68353382,0.08598122],
[0.68733187,0.08571468],
[0.69115345,0.08545224],
[0.69499851,0.08519389],
[0.69886753,0.08493959],
[0.70276045,0.08468935],
[0.70667739,0.08444315],
[0.71061848,0.08420099],
[0.71458383,0.08396285],
[0.71857337,0.08372874],
[0.72258762,0.08349862],
[0.72662649,0.0832725],
[0.73069011,0.08305036],
[0.73477863,0.08283221],
[0.73889213,0.08261802],
[0.74303058,0.08240781],
[0.74719446,0.08220155],
[0.75138373,0.08199924],
[0.7555985,0.08180088],
[0.75983889,0.08160646],
[0.76410503,0.08141597],
[0.76839685,0.08122943],
[0.77271488,0.0810468],
[0.77705905,0.0808681],
[0.78142946,0.08069332],
[0.78582627,0.08052246],
[0.79024958,0.08035552],
[0.79469954,0.08019249],
[0.79917606,0.08003338],
[0.80367967,0.07987818],
[0.80821032,0.0797269],
[0.81276811,0.07957953],
[0.81735318,0.07943608],
[0.82196567,0.07929654],
[0.82660548,0.07916093],
[0.83127317,0.07902924],
[0.83596864,0.07890147],
[0.84069205,0.07877763],
[0.84544352,0.07865773],
[0.85022315,0.07854176],
[0.85503089,0.07842974],
[0.85986728,0.07832167],
[0.86473224,0.07821755],
[0.8696259,0.0781174],
[0.87454839,0.07802122],
[0.87949983,0.07792902],
[0.88448013,0.07784081],
[0.88948988,0.0777566],
[0.89452896,0.07767639],
[0.89959752,0.0776002],
[0.90469567,0.07752805],
[0.90982357,0.07745993],
[0.91498108,0.07739588],
[0.92016881,0.07733589],
[0.92538665,0.07727998],
[0.93063474,0.07722817],
[0.9359132,0.07718047],
[0.94122214,0.0771369],
[0.94656147,0.07709748],
[0.95193178,0.07706222],
[0.95733298,0.07703114],
[0.96276517,0.07700426],
[0.96822849,0.0769816],
[0.97372304,0.07696318],
[0.97924874,0.07694903],
[0.98480616,0.07693916],
[0.99039524,0.07693359],
[0.99601604,0.07693235],
[1.0016687,0.07693547],
[1.00735335,0.07694297],
[1.01306984,0.07695488],
[1.01881882,0.07697122],
[1.02460015,0.07699202],
[1.03041394,0.07701731],
[1.03626033,0.07704712],
[1.04213939,0.07708148],
[1.04805128,0.07712042],
[1.05399582,0.07716397],
[1.05997368,0.07721218],
[1.06598469,0.07726507],
[1.07202898,0.07732267],
[1.07810664,0.07738503],
[1.08421778,0.07745219],
[1.09036224,0.07752417],
[1.09654069,0.07760102],
[1.10275293,0.07768279],
[1.10899909,0.07776951],
[1.11527928,0.07786122],
[1.12159358,0.07795798],
[1.12794179,0.07805982],
[1.13432462,0.0781668],
[1.14074185,0.07827896],
[1.1471936,0.07839635],
[1.15367993,0.07851902],
[1.16020098,0.07864702],
[1.16675648,0.0787804],
[1.17334716,0.07891923],
[1.1799728,0.07906356],
[1.18663346,0.07921343],
[1.19332926,0.07936893],
[1.20006023,0.07953009],
[1.20682618,0.07969698],
[1.21362777,0.07986967],
[1.2204648,0.08004823],
[1.22733731,0.08023272],
[1.23424537,0.0804232],
[1.24118906,0.08061975],
[1.24816809,0.08082243],
[1.25518319,0.08103133],
[1.26223408,0.08124652],
[1.26932081,0.08146807],
[1.27644344,0.08169606],
[1.28360201,0.08193057],
[1.29079623,0.08217168],
[1.29802679,0.08241949],
[1.30529341,0.08267407],
[1.3125961,0.08293551],
[1.31993494,0.08320391],
[1.32730989,0.08347936],
[1.33472065,0.08376194],
[1.34216794,0.08405177],
[1.34965139,0.08434893],
[1.35717105,0.08465354],
[1.3647269,0.0849657],
[1.37231892,0.0852855],
[1.37994678,0.08561305],
[1.38761116,0.08594849],
[1.39531168,0.08629191],
[1.40304833,0.08664344],
[1.41082108,0.08700319],
[1.41862991,0.08737129],
[1.42647474,0.08774786],
[1.4343552,0.08813301],
[1.44227194,0.0885269],
[1.45022456,0.08892967],
[1.45821299,0.08934143],
[1.46623713,0.08976234],
[1.47429697,0.09019253],
[1.48239196,0.09063214],
[1.49052284,0.09108136],
[1.49868905,0.09154031],
[1.50689057,0.09200916],
[1.51512724,0.09248806],
[1.52339896,0.09297719],
[1.53170518,0.09347669],
[1.54004655,0.09398678],
[1.54842253,0.09450761],
[1.556833,0.09503936],
[1.56527774,0.09558222],
[1.57375659,0.09613638],
[1.58226898,0.096702],
[1.59081552,0.09727934],
[1.59939557,0.09786857],
[1.60800895,0.0984699],
[1.6166554,0.09908355],
[1.62533471,0.09970972],
[1.6340462,0.10034862],
[1.64279045,0.10100053],
[1.65156677,0.10166565],
[1.66037487,0.10234422],
[1.66921443,0.10303649],
[1.67808518,0.1037427],
[1.68698636,0.10446308],
[1.69591848,0.10519796],
[1.70488074,0.10594756],
[1.71387279,0.10671217],
[1.72289426,0.10749206],
[1.73194476,0.10828752],
[1.74102341,0.1090988],
[1.75013069,0.10992628],
[1.75926567,0.11077023],
[1.76842795,0.11163096],
[1.777617,0.11250879],
[1.78683237,0.11340406],
[1.79607307,0.11431705],
[1.80533947,0.11524819],
[1.81463058,0.1161978],
[1.82394579,0.11716623],
[1.83328457,0.11815386],
[1.84264628,0.11916105],
[1.85202983,0.12018816],
[1.86143547,0.12123566],
[1.87086209,0.12230391],
[1.88030897,0.12339334],
[1.88977538,0.12450434],
[1.89926062,0.12563738],
[1.90876388,0.12679288],
[1.91828394,0.12797124],
[1.92782086,0.12917303],
[1.93737335,0.13039868],
[1.94694054,0.13164866],
[1.95652156,0.13292348],
[1.9661154,0.13422364],
[1.97572074,0.1355496],
[1.98533745,0.13690201],
[1.99496406,0.13828134],
[2.00459953,0.13968816],
[2.01424281,0.14112304],
[2.02389273,0.14258655],
[2.03354774,0.14407922],
[2.04320755,0.14560178],
[2.0528705,0.1471548],
[2.06253535,0.14873891],
[2.07220078,0.15035475],
[2.08186549,0.15200298],
[2.0915277,0.15368422],
[2.10118688,0.1553993],
[2.11084115,0.15714884],
[2.12048902,0.15893359],
[2.13012901,0.16075427],
[2.13975954,0.16261164],
[2.14937853,0.16450638],
[2.15898527,0.16643945],
[2.16857762,0.16841159],
[2.17815382,0.17042359],
[2.1877121,0.1724763],
[2.19725061,0.17457058],
[2.20676709,0.17670722],
[2.21626044,0.17888728],
[2.22572825,0.18111159],
[2.23516849,0.18338108],
[2.24457912,0.18569669],
[2.25395796,0.1880594],
[2.26330242,0.19047008],
[2.27261112,0.19292995],
[2.28188132,0.19543994],
[2.29111068,0.1980011],
[2.30029678,0.20061447],
[2.30943716,0.20328116],
[2.31852887,0.20600214],
[2.32757018,0.20877881],
[2.33655801,0.21161216],
[2.34548965,0.21450339],
[2.35436235,0.21745367],
[2.36317325,0.22046422],
[2.37191947,0.22353626],
[2.38059762,0.2266709],
[2.38920553,0.22986972],
[2.39773967,0.23313385],
[2.4061969,0.23646462],
[2.41457398,0.23986335],
[2.42286763,0.2433314],
[2.43107412,0.24686999],
[2.43919075,0.25048082],
[2.4472137,0.25416517],
[2.45513935,0.25792445],
[2.46296411,0.26176012],
[2.47068424,0.26567364],
[2.47829568,0.26966635],
[2.48579523,0.27374007],
[2.49317869,0.27789619],
[2.50044202,0.28213619],
[2.50758126,0.28646168],
[2.51459224,0.2908742],
[2.52147048,0.2953751],
[2.5282124,0.29996643],
[2.53481334,0.30464955],
[2.54126896,0.30942608],
[2.54757481,0.31429765],
[2.5537264,0.31926588],
[2.55971891,0.32433218],
[2.56554827,0.32949864],
[2.57120953,0.33476666],
[2.57669799,0.34013792],
[2.58200886,0.34561401],
[2.58713731,0.35119659],
[2.59207825,0.35688703],
[2.59682722,0.36268746],
[2.60137905,0.36859926],
[2.60572871,0.37462401],
[2.6098712,0.38076328],
[2.61380145,0.38701866],
[2.61751421,0.3933914],
[2.6210047,0.39988359],
[2.62426764,0.40649644],
[2.62729775,0.4132311],
[2.63009028,0.42008995],
[2.63263957,0.42707309],
[2.63494092,0.43418319],
[2.6369888,0.44142021],
[2.63877845,0.44878675],
[2.64030444,0.45628266],
[2.64156186,0.46390975],
[2.64254578,0.47166982],
[2.64325101,0.47956247],
[2.64367271,0.48759005],
[2.64380594,0.49575197],
[2.6436459,0.50405055],
[2.64318788,0.51248489],
[2.64242717,0.52105641],
[2.64135914,0.5297664],
[2.63997948,0.53861366],
[2.6382836,0.54760011],
[2.63626756,0.55672429],
[2.63392709,0.56598709],
[2.63125797,0.57538932],
[2.62825689,0.58492903],
[2.62491959,0.59460772],
[2.62124321,0.60442309],
[2.61722376,0.61437638],
[2.61285886,0.62446494],
[2.60814526,0.63468879],
[2.60307971,0.64504784],
[2.59766067,0.6555389],
[2.59188491,0.66616251],
[2.58575146,0.67691512],
[2.57925802,0.68779595],
[2.57240248,0.69880401],
[2.56518485,0.70993518],
[2.55760282,0.72118918],
[2.54965721,0.73256133],
[2.54134609,0.7440511],
[2.53267101,0.75565338],
[2.5236315,0.76736608],
[2.51422712,0.77918704],
[2.50446067,0.79111042],
[2.49433148,0.80313477],
[2.48384309,0.81525384],
[2.47299647,0.82746461],
[2.46179282,0.83976384],
[2.45023688,0.85214467],
[2.43832949,0.86460462],
[2.42607617,0.87713641],
[2.41347841,0.88973712],
[2.40054256,0.90239912],
[2.38727193,0.91511793],
[2.37367001,0.927889],
[2.35974441,0.94070409],
[2.34549811,0.95355938],
[2.33093951,0.96644628],
[2.31607356,0.97935947],
[2.30090525,0.99229363],
[2.2854443,1.00523957],
[2.26969496,1.01819286],
[2.25366766,1.03114408],
[2.23736723,1.04408849],
[2.2208047,1.05701651],
[2.20398698,1.06992198],
[2.18692096,1.08279877],
[2.16961878,1.09563698],
[2.15208634,1.10843145],
[2.13433616,1.12117229],
[2.11637454,1.13385418],
[2.09821457,1.14646717],
[2.07986436,1.15900488],
[2.0613324,1.17146077],
[2.04263237,1.18382489],
[2.02377101,1.19609203],
[2.0047624,1.20825234],
[1.98561525,1.22029955],
[1.96633842,1.23222735],
[1.94694607,1.24402623],
[1.92744542,1.25569115],
[1.9078507,1.26721292],
[1.88816906,1.27858666],
[1.86841482,1.28980346],
[1.84859679,1.30085769],
[1.82872373,1.31174389],
[1.80880981,1.32245366],
[1.78886182,1.33298283],
[1.76889381,1.34332348],
[1.748914,1.35347087],
[1.72893074,1.36342034],
[1.70895754,1.37316468],
[1.68900051,1.38270064],
[1.66907285,1.39202154],
[1.64918029,1.40112446],
[1.6293357,1.41000335],
[1.60954609,1.41865488],
[1.5898184,1.42707597],
[1.57016483,1.43526136],
[1.55058988,1.44320927],
[1.53110528,1.450915],
[1.51171694,1.45837651],
[1.49243044,1.46559186],
[1.47325668,1.47255733],
[1.45419892,1.47927218],
[1.43526748,1.48573331],
[1.41646507,1.49194041],
[1.39780141,1.49789097],
[1.37928048,1.50358456],
[1.36090603,1.50902092],
[1.34268684,1.51419837],
[1.32462442,1.51911764],
[1.30672682,1.52377771],
[1.2889967,1.52817923],
[1.27143655,1.53232291],
[1.25405352,1.53620859],
[1.23684793,1.53983782],
[1.21982624,1.54321092],
[1.20298833,1.54632974],
[1.18634017,1.54919511],
[1.16988261,1.5518089],
[1.15361654,1.55417313],
[1.13754699,1.55628927],
[1.12167271,1.55815983],
[1.10599831,1.55978673],
[1.09052225,1.56117268],
[1.07524846,1.56231998],
[1.06017646,1.56323143],
[1.04530568,1.56390991],
[1.03063935,1.56435823],
[1.01617513,1.56457949],
[1.00191591,1.5645768],
[0.98786029,1.56435344],
[0.97400689,1.56391268],
[0.96035791,1.56325798],
[0.94691041,1.56239274],
[0.93366627,1.56132066],
[0.92062223,1.56004515],
[0.90777991,1.55857011],
[0.89513709,1.55689915],
[0.88269147,1.55503585],
[0.87044418,1.55298434],
[0.85839161,1.55074807],
[0.8465346,1.54833133],
[0.83487054,1.54573777],
[0.82339673,1.54297103],
[0.81211368,1.54003548],
[0.80101756,1.53693451],
[0.79010859,1.53367263],
[0.77938293,1.53025309],
[0.76884064,1.52668047],
[0.75847871,1.52295829],
[0.74829424,1.51909009],
[0.73828702,1.51508043],
[0.72845311,1.5109324],
[0.71879221,1.50665059],
[0.70930121,1.50223839],
[0.69997713,1.49769913],
[0.69081944,1.49303737],
[0.68182423,1.4882559],
[0.67299093,1.48335929],
[0.66431569,1.47835029],
[0.65579778,1.47323328],
[0.64743417,1.46801139],
[0.63922185,1.46268764],
[0.63116004,1.45726639],
[0.62324499,1.45175003],
[0.61547594,1.44614297],
[0.60784981,1.44044795],
[0.60036376,1.43466771],
[0.59301686,1.42880648],
[0.58580556,1.42286633],
[0.57872897,1.41685145],
[0.57178359,1.41076377],
[0.56496849,1.40460736],
[0.55828087,1.39838462],
[0.55171801,1.39209784],
[0.54527896,1.38575098],
[0.53896043,1.37934568],
[0.53276152,1.3728858],
[0.52667899,1.36637281],
[0.52071196,1.35981052],
[0.51485782,1.35320089],
[0.50911405,1.34654579],
[0.50347976,1.33984888],
[0.49795197,1.33311135],
[0.49252978,1.32633677],
[0.4872108,1.3195268],
[0.48199264,1.31268302],
[0.4768745,1.30580893],
[0.47185359,1.29890536],
[0.46692904,1.29197564],
[0.46209824,1.28502058],
[0.4573603,1.27804344],
[0.4527131,1.27104545],
[0.44815456,1.26402791],
[0.44368386,1.25699395],
[0.43929856,1.24994403],
[0.4349979,1.24288121],
[0.43077989,1.23580656],
[0.42664263,1.22872108],
[0.42258537,1.22162768],
[0.41860588,1.21452661],
[0.41470345,1.2074207],
[0.41087592,1.20031017],
[0.40712262,1.19319776],
[0.40344177,1.18608419],
[0.39983174,1.17897018],
[0.39629186,1.17185838],
[0.39282016,1.16474873],
[0.38941602,1.15764385],
[0.38607784,1.15054421],
[0.38280414,1.14345042],
[0.37959429,1.13636489],
[0.37644653,1.12928741],
[0.37336028,1.12222038],
[0.37033384,1.11516351],
[0.36736666,1.10811914],
[0.36445737,1.10108758],
[0.36160464,1.09406911],
[0.35880796,1.08706597]]