[[1.48005962,1.50736831],
[1.46024344,1.51447167],
[1.44055873,1.52130795],
[1.42101243,1.52787529],
[1.40161116,1.53417213],
[1.38236125,1.54019718],
[1.36326872,1.54594943],
[1.34433927,1.55142813],
[1.32557829,1.5566328],
[1.30699087,1.56156324],
[1.28858176,1.5662195],
[1.27035544,1.57060185],
[1.25231609,1.57471084],
[1.23446756,1.57854726],
[1.21681344,1.58211209],
[1.19935698,1.58540658],
[1.18210121,1.58843217],
[1.16504883,1.5911905],
[1.14820234,1.59368343],
[1.13156385,1.595913],
[1.11513532,1.59788145],
[1.09891842,1.59959116],
[1.08291458,1.60104471],
[1.067125,1.60224481],
[1.05155065,1.60319435],
[1.03619224,1.60389633],
[1.02105031,1.6043539],
[1.0061252,1.60457033],
[0.99141703,1.604549],
[0.97692577,1.60429341],
[0.96265112,1.60380714],
[0.94859269,1.60309387],
[0.93474992,1.60215737],
[0.92112207,1.60100149],
[0.90770825,1.59963012],
[0.89450745,1.59804723],
[0.88151852,1.59625686],
[0.86874021,1.59426308],
[0.85617105,1.59206998],
[0.84380958,1.58968172],
[0.83165418,1.58710247],
[0.81970315,1.58433642],
[0.80795469,1.58138778],
[0.79640694,1.57826078],
[0.78505793,1.57495965],
[0.77390564,1.57148861],
[0.76294798,1.56785188],
[0.7521828,1.56405369],
[0.74160794,1.56009824],
[0.73122107,1.5559897],
[0.72101994,1.55173224],
[0.71100222,1.54733],
[0.70116554,1.5427871],
[0.69150752,1.53810762],
[0.68202572,1.53329559],
[0.67271772,1.52835504],
[0.66358105,1.52328994],
[0.65461325,1.51810421],
[0.64581184,1.51280173],
[0.63717437,1.50738637],
[0.62869827,1.50186187],
[0.6203811,1.49623201],
[0.61222036,1.49050046],
[0.60421358,1.48467086],
[0.59635827,1.4787468],
[0.58865198,1.4727318],
[0.58109224,1.46662934],
[0.57367661,1.46044283],
[0.56640268,1.45417563],
[0.55926802,1.44783104],
[0.55227026,1.44141229],
[0.54540701,1.43492258],
[0.53867594,1.42836502],
[0.53207471,1.42174268],
[0.52560103,1.41505855],
[0.51925266,1.40831563],
[0.51302727,1.40151671],
[0.50692266,1.39466465],
[0.50093665,1.38776223],
[0.49506706,1.38081214],
[0.48931176,1.37381703],
[0.48366863,1.36677948],
[0.47813559,1.35970203],
[0.47271059,1.35258715],
[0.46739161,1.34543725],
[0.46217666,1.33825469],
[0.45706377,1.33104176],
[0.45205101,1.32380072],
[0.4471365,1.31653375],
[0.44231835,1.30924299],
[0.43759473,1.30193051],
[0.43296385,1.29459836],
[0.42842391,1.2872485],
[0.42397319,1.27988287],
[0.41960995,1.27250332],
[0.41533254,1.2651117],
[0.41113931,1.25770983],
[0.40702859,1.25029934],
[0.40299882,1.24288194],
[0.39904843,1.23545928],
[0.39517589,1.22803295],
[0.3913797,1.22060448],
[0.38765838,1.21317538],
[0.38401049,1.20574709],
[0.38043461,1.19832104],
[0.37692934,1.19089858],
[0.37349332,1.18348106],
[0.37012523,1.17606975],
[0.36682374,1.16866591],
[0.36358757,1.16127075],
[0.36041548,1.15388545],
[0.35730622,1.14651113],
[0.35425859,1.13914889],
[0.35127141,1.13179982],
[0.34834352,1.12446492],
[0.34547379,1.11714521],
[0.34266111,1.10984164],
[0.3399044,1.10255514],
[0.3372026,1.09528667],
[0.33455465,1.08803699],
[0.33195953,1.08080698],
[0.32941626,1.07359747],
[0.32692383,1.06640916],
[0.32448135,1.05924299],
[0.32208781,1.05209945],
[0.31974237,1.04497946],
[0.31744406,1.03788347],
[0.31519207,1.03081235],
[0.31298552,1.02376661],
[0.31082352,1.01674674],
[0.30870533,1.00975352],
[0.30663008,1.00278731],
[0.30459705,0.99584882],
[0.30260541,0.98893836],
[0.30065446,0.98205663],
[0.29874341,0.97520387],
[0.29687161,0.96838075],
[0.29503829,0.96158747],
[0.29324281,0.95482464],
[0.29148446,0.94809246],
[0.28976263,0.94139149],
[0.28807662,0.93472188],
[0.28642586,0.92808415],
[0.28480967,0.92147844],
[0.28322751,0.91490524],
[0.28167874,0.90836463],
[0.28016284,0.90185707],
[0.27867918,0.89538264],
[0.27722727,0.88894175],
[0.27580653,0.88253445],
[0.27441647,0.87616114],
[0.27305655,0.86982191],
[0.27172626,0.86351686],
[0.27042514,0.85724635],
[0.26915267,0.85101035],
[0.26790841,0.8448092],
[0.26669188,0.83864285],
[0.26550265,0.8325116],
[0.26434026,0.82641539],
[0.2632043,0.8203545],
[0.26209432,0.81432885],
[0.26100994,0.8083387],
[0.25995074,0.80238395],
[0.25891634,0.79646483],
[0.25790633,0.79058123],
[0.25692037,0.78473337],
[0.25595806,0.77892111],
[0.25501906,0.77314465],
[0.25410301,0.76740384],
[0.25320958,0.76169888],
[0.2523384,0.75602959],
[0.25148919,0.75039614],
[0.2506616,0.74479845],
[0.24985531,0.7392364],
[0.24907003,0.73371016],
[0.24830544,0.72821952],
[0.24756127,0.72276462],
[0.24683722,0.71734525],
[0.24613301,0.71196152],
[0.24544837,0.70661323],
[0.24478303,0.70130048],
[0.24413672,0.69602305],
[0.2435092,0.69078103],
[0.2429002,0.68557419],
[0.2423095,0.68040261],
[0.24173684,0.67526605],
[0.24118199,0.67016458],
[0.24064472,0.66509796],
[0.24012482,0.66006625],
[0.23962205,0.6550692],
[0.23913622,0.65010685],
[0.2386671,0.64517895],
[0.2382145,0.64028555],
[0.23777822,0.63542645],
[0.23735805,0.63060147],
[0.23695381,0.62581064],
[0.23656532,0.62105368],
[0.23619239,0.61633062],
[0.23583484,0.61164119],
[0.2354925,0.6069854],
[0.2351652,0.60236298],
[0.23485278,0.59777393],
[0.23455507,0.59321798],
[0.23427192,0.58869512],
[0.23400316,0.58420508],
[0.23374865,0.57974785],
[0.23350824,0.57532315],
[0.23328179,0.57093096],
[0.23306916,0.56657102],
[0.2328702,0.56224328],
[0.23268479,0.55794749],
[0.2325128,0.55368359],
[0.23235408,0.54945133],
[0.23220853,0.54525066],
[0.23207602,0.54108137],
[0.23195643,0.53694323],
[0.23184964,0.53283621],
[0.23175554,0.52876002],
[0.23167402,0.52471463],
[0.23160497,0.52069975],
[0.23154829,0.51671533],
[0.23150387,0.5127611],
[0.23147161,0.508837],
[0.23145142,0.50494276],
[0.2314432,0.50107831],
[0.23144686,0.49724339],
[0.23146231,0.49343793],
[0.23148946,0.48966165],
[0.23152822,0.4859145],
[0.2315785,0.48219619],
[0.23164024,0.47850667],
[0.23171335,0.47484566],
[0.23179775,0.47121309],
[0.23189336,0.46760869],
[0.23200012,0.46403239],
[0.23211795,0.46048392],
[0.23224678,0.45696321],
[0.23238655,0.45347004],
[0.23253719,0.45000418],
[0.23269864,0.44656557],
[0.23287083,0.44315393],
[0.2330537,0.4397692],
[0.2332472,0.4364111],
[0.23345127,0.43307956],
[0.23366586,0.42977432],
[0.23389091,0.42649525],
[0.23412636,0.42324227],
[0.23437219,0.42001503],
[0.23462832,0.41681346],
[0.23489472,0.41363738],
[0.23517133,0.41048671],
[0.23545812,0.40736111],
[0.23575504,0.4042605],
[0.23606206,0.40118471],
[0.23637913,0.39813366],
[0.23670621,0.395107],
[0.23704328,0.39210467],
[0.23739028,0.38912657],
[0.2377472,0.38617238],
[0.23811399,0.38324201],
[0.23849063,0.38033529],
[0.23887707,0.37745216],
[0.23927331,0.37459227],
[0.2396793,0.37175555],
[0.24009503,0.36894183],
[0.24052045,0.36615104],
[0.24095556,0.36338285],
[0.24140034,0.36063719],
[0.24185475,0.35791388],
[0.24231876,0.35521286],
[0.24279239,0.3525338],
[0.24327559,0.34987663],
[0.24376835,0.34724119],
[0.24427065,0.3446274],
[0.24478249,0.34203495],
[0.24530384,0.33946376],
[0.2458347,0.33691368],
[0.24637503,0.33438463],
[0.24692485,0.3318763],
[0.24748414,0.32938862],
[0.24805288,0.32692152],
[0.24863108,0.32447468],
[0.24921872,0.32204805],
[0.24981581,0.31964146],
[0.2504223,0.31725484],
[0.25103824,0.31488791],
[0.2516636,0.31254058],
[0.25229838,0.3102127],
[0.25294257,0.30790421],
[0.25359618,0.30561482],
[0.25425922,0.30334446],
[0.25493167,0.30109298],
[0.25561352,0.2988603],
[0.25630481,0.29664616],
[0.25700552,0.29445048],
[0.25771566,0.29227311],
[0.25843522,0.29011399],
[0.25916423,0.28797285],
[0.25990268,0.28584962],
[0.26065059,0.28374415],
[0.26140793,0.28165638],
[0.26217476,0.27958604],
[0.26295107,0.27753307],
[0.26373684,0.2754974],
[0.26453214,0.27347876],
[0.26533694,0.27147709],
[0.26615126,0.26949225],
[0.26697509,0.26752419],
[0.26780849,0.26557264],
[0.26865145,0.26363755],
[0.26950399,0.26171878],
[0.2703661,0.25981626],
[0.27123784,0.25792975],
[0.2721192,0.2560592],
[0.27301021,0.25420447],
[0.27391085,0.25236549],
[0.2748212,0.25054204],
[0.27574125,0.24873404],
[0.27667102,0.24694138],
[0.2776105,0.24516398],
[0.27855978,0.24340164],
[0.27951883,0.24165427],
[0.28048767,0.23992181],
[0.28146637,0.23820404],
[0.28245492,0.23650091],
[0.28345336,0.23481229],
[0.28446167,0.23313812],
[0.28547994,0.23147819],
[0.28650817,0.22983243],
[0.28754638,0.22820073],
[0.28859458,0.22658304],
[0.28965285,0.22497914],
[0.29072119,0.22338897],
[0.29179963,0.22181243],
[0.29288816,0.22024945],
[0.29398689,0.21869983],
[0.29509581,0.21716352],
[0.29621496,0.2156404],
[0.29734433,0.21413042],
[0.29848401,0.21263339],
[0.29963403,0.21114925],
[0.30079439,0.20967789],
[0.30196512,0.20821926],
[0.30314631,0.20677317],
[0.30433795,0.20533956],
[0.30554007,0.20391837],
[0.30675275,0.20250943],
[0.307976,0.20111268],
[0.30920987,0.19972802],
[0.31045435,0.1983554],
[0.31170955,0.19699463],
[0.31297548,0.19564567],
[0.31425218,0.19430842],
[0.31553965,0.19298282],
[0.31683801,0.19166872],
[0.31814726,0.19036604],
[0.31946745,0.18907471],
[0.32079857,0.18779467],
[0.32214075,0.18652576],
[0.323494,0.18526791],
[0.32485835,0.18402106],
[0.32623382,0.18278514],
[0.32762053,0.18155999],
[0.32901848,0.18034557],
[0.33042772,0.1791418],
[0.33184826,0.17794861],
[0.33328023,0.17676586],
[0.33472363,0.1755935],
[0.33617847,0.17443147],
[0.33764488,0.17327964],
[0.33912288,0.17213795],
[0.34061251,0.17100633],
[0.34211377,0.16988472],
[0.34362681,0.16877298],
[0.34515164,0.16767106],
[0.3466883,0.1665789],
[0.34823681,0.16549643],
[0.34979731,0.16442353],
[0.3513698,0.16336014],
[0.35295434,0.16230619],
[0.35455095,0.16126165],
[0.35615976,0.16022636],
[0.35778078,0.1592003],
[0.35941408,0.15818338],
[0.36105966,0.15717557],
[0.36271767,0.15617673],
[0.36438813,0.15518683],
[0.36607104,0.15420582],
[0.36776657,0.15323357],
[0.36947471,0.15227004],
[0.37119553,0.15131517],
[0.37292905,0.15036892],
[0.37467541,0.14943115],
[0.37643464,0.14850184],
[0.3782068,0.14758092],
[0.37999189,0.14666835],
[0.38179008,0.14576401],
[0.38360139,0.14486786],
[0.38542587,0.14397984],
[0.38726354,0.14309991],
[0.38911457,0.14222796],
[0.39097898,0.14136396],
[0.39285682,0.14050783],
[0.39474811,0.13965954],
[0.39665303,0.13881899],
[0.39857158,0.13798614],
[0.40050385,0.13716093],
[0.40244983,0.13634333],
[0.40440971,0.13553322],
[0.4063835,0.13473058],
[0.40837122,0.13393537],
[0.41037305,0.13314749],
[0.41238901,0.1323669],
[0.41441916,0.13159356],
[0.41646352,0.13082742],
[0.41852228,0.1300684],
[0.42059546,0.12931645],
[0.42268312,0.12857152],
[0.42478529,0.12783359],
[0.42690215,0.12710256],
[0.42903372,0.12637839],
[0.43118008,0.12566104],
[0.43334124,0.12495047],
[0.4355174,0.1242466],
[0.43770857,0.12354939],
[0.43991484,0.1228588],
[0.44213622,0.12217479],
[0.44437292,0.12149729],
[0.44662494,0.12082625],
[0.44889231,0.12016166],
[0.45117524,0.11950343],
[0.45347373,0.11885152],
[0.45578788,0.1182059],
[0.45811769,0.11756654],
[0.46046339,0.11693335],
[0.46282499,0.11630631],
[0.46520256,0.11568538],
[0.46759614,0.11507053],
[0.47000593,0.11446168],
[0.47243197,0.1138588],
[0.47487432,0.11326186],
[0.477333,0.11267083],
[0.47980825,0.11208563],
[0.48230009,0.11150625],
[0.48480858,0.11093263],
[0.48733377,0.11036476],
[0.48987586,0.10980257],
[0.4924349,0.10924603],
[0.49501095,0.1086951],
[0.49760404,0.10814976],
[0.50021441,0.10760995],
[0.50284207,0.10707563],
[0.50548705,0.1065468],
[0.50814958,0.10602337],
[0.51082967,0.10550534],
[0.51352744,0.10499267],
[0.51624288,0.10448532],
[0.51897625,0.10398326],
[0.52172757,0.10348644],
[0.52449693,0.10299484],
[0.52728435,0.10250844],
[0.53009008,0.10202718],
[0.53291415,0.10155104],
[0.53575664,0.10107999],
[0.53861758,0.10061401],
[0.54149722,0.10015304],
[0.54439559,0.09969706],
[0.54731278,0.09924604],
[0.5502488,0.09879998],
[0.55320394,0.0983588],
[0.5561782,0.0979225],
[0.55917168,0.09749104],
[0.56218441,0.09706442],
[0.56521665,0.09664257],
[0.56826842,0.09622549],
[0.57133975,0.09581315],
[0.5744309,0.09540551],
[0.5775419,0.09500255],
[0.58067285,0.09460424],
[0.58382376,0.09421058],
[0.58699493,0.09382151],
[0.59018636,0.09343703],
[0.59339817,0.0930571],
[0.59663037,0.09268172],
[0.59988325,0.09231083],
[0.60315683,0.09194443],
[0.60645123,0.09158249],
[0.60976644,0.09122501],
[0.61310278,0.09087193],
[0.61646025,0.09052325],
[0.61983898,0.09017895],
[0.62323907,0.08983901],
[0.62666062,0.0895034],
[0.63010357,0.08917213],
[0.63356842,0.08884513],
[0.63705507,0.08852242],
[0.64056365,0.08820396],
[0.64409427,0.08788974],
[0.64764705,0.08757975],
[0.65122209,0.08727396],
[0.65481931,0.08697237],
[0.65843925,0.08667494],
[0.66208179,0.08638167],
[0.66574708,0.08609254],
[0.66943522,0.08580753],
[0.67314633,0.08552663],
[0.67688053,0.08524983],
[0.68063794,0.08497711],
[0.68441845,0.08470847],
[0.68822263,0.08444386],
[0.69205038,0.0841833],
[0.69590182,0.08392677],
[0.69977706,0.08367426],
[0.70367624,0.08342574],
[0.70759946,0.08318123],
[0.71154663,0.0829407],
[0.71551833,0.08270414],
[0.71951444,0.08247154],
[0.7235351,0.08224289],
[0.72758042,0.08201819],
[0.73165053,0.08179742],
[0.73574556,0.08158058],
[0.73986563,0.08136765],
[0.74401061,0.08115865],
[0.74818113,0.08095355],
[0.75237706,0.08075234],
[0.75659853,0.08055502],
[0.76084567,0.08036159],
[0.76511861,0.08017205],
[0.76941746,0.07998638],
[0.77374236,0.07980458],
[0.77809319,0.07962667],
[0.78247057,0.07945261],
[0.78687438,0.07928241],
[0.79130475,0.07911608],
[0.7957618,0.0789536],
[0.80024568,0.07879499],
[0.8047565,0.07864023],
[0.80929413,0.07848933],
[0.81385922,0.07834229],
[0.81845165,0.07819911],
[0.82307154,0.07805978],
[0.82771903,0.07792432],
[0.83239423,0.07779272],
[0.83709729,0.07766498],
[0.84182833,0.07754112],
[0.84658721,0.07742113],
[0.85137461,0.07730502],
[0.85619038,0.07719279],
[0.86103466,0.07708445],
[0.86590757,0.07698001],
[0.87080925,0.07687947],
[0.87573982,0.07678283],
[0.88069942,0.07669011],
[0.88568789,0.07660132],
[0.89070593,0.07651646],
[0.89575339,0.07643555],
[0.9008304,0.07635859],
[0.90593709,0.07628559],
[0.91107359,0.07621657],
[0.91624003,0.07615153],
[0.92143623,0.07609051],
[0.92666294,0.07603349],
[0.93191997,0.0759805],
[0.93720746,0.07593155],
[0.94252554,0.07588667],
[0.94787433,0.07584586],
[0.95325397,0.07580914],
[0.95866457,0.07577652],
[0.96410596,0.07574804],
[0.96957889,0.07572371],
[0.97508318,0.07570353],
[0.98061895,0.07568755],
[0.98618632,0.07567577],
[0.99178542,0.07566823],
[0.99741638,0.07566493],
[1.00307933,0.07566592],
[1.00877404,0.0756712],
[1.01450132,0.07568081],
[1.02026095,0.07569477],
[1.02605305,0.07571311],
[1.03187775,0.07573586],
[1.03773516,0.07576305],
[1.0436254,0.0757947],
[1.04954825,0.07583084],
[1.05550452,0.07587152],
[1.06149398,0.07591675],
[1.06751675,0.07596658],
[1.07357292,0.07602104],
[1.07966264,0.07608016],
[1.08578601,0.07614398],
[1.09194313,0.07621254],
[1.09813376,0.07628587],
[1.10435873,0.07636402],
[1.11061779,0.07644702],
[1.11691104,0.07653493],
[1.12323859,0.07662777],
[1.12960054,0.0767256],
[1.135997,0.07682846],
[1.14242807,0.0769364],
[1.14889347,0.07704946],
[1.15539404,0.07716769],
[1.16192952,0.07729116],
[1.16849999,0.07741989],
[1.17510555,0.07755396],
[1.18174628,0.07769341],
[1.18842228,0.0778383],
[1.19513324,0.07798867],
[1.20188002,0.07814461],
[1.20866233,0.07830616],
[1.21548023,0.07847339],
[1.22233381,0.07864636],
[1.22922314,0.07882513],
[1.23614829,0.07900977],
[1.24310934,0.07920035],
[1.25010594,0.07939692],
[1.25713897,0.07959959],
[1.26420809,0.0798084],
[1.27131335,0.08002344],
[1.27845481,0.08024478],
[1.28563253,0.08047251],
[1.29284655,0.08070669],
[1.30009692,0.08094741],
[1.30738326,0.08119475],
[1.31470644,0.08144881],
[1.3220661,0.08170968],
[1.32946226,0.08197743],
[1.33689494,0.08225217],
[1.34436416,0.08253399],
[1.35186997,0.08282298],
[1.3594119,0.08311923],
[1.36699088,0.08342287],
[1.37460646,0.08373399],
[1.38225864,0.08405269],
[1.38994742,0.08437909],
[1.39767279,0.08471329],
[1.40543476,0.08505541],
[1.41323327,0.08540556],
[1.42106787,0.08576385],
[1.42893943,0.08613044],
[1.43684748,0.08650543],
[1.44479195,0.08688894],
[1.45277282,0.08728112],
[1.46079002,0.08768208],
[1.4688435,0.08809198],
[1.47693272,0.08851093],
[1.48505855,0.08893911],
[1.49322044,0.08937665],
[1.50141831,0.0898237],
[1.50965206,0.09028042],
[1.51792159,0.09074696],
[1.5262268,0.09122348],
[1.53456756,0.09171014],
[1.54294326,0.0922071],
[1.55135476,0.09271456],
[1.55980141,0.09323269],
[1.56828306,0.09376167],
[1.57679957,0.09430167],
[1.58535075,0.09485289],
[1.59393644,0.09541552],
[1.60255644,0.09598976],
[1.61121004,0.09657577],
[1.61989807,0.09717383],
[1.62861977,0.09778413],
[1.63737493,0.09840686],
[1.64616332,0.09904227],
[1.65498466,0.09969057],
[1.6638387,0.100352],
[1.67272464,0.10102675],
[1.68164324,0.10171515],
[1.69059366,0.1024174],
[1.69957559,0.10313377],
[1.70858872,0.10386451],
[1.71763269,0.10460988],
[1.72670715,0.10537017],
[1.7358117,0.10614565],
[1.74494546,0.10693655],
[1.75410909,0.10774327],
[1.76330162,0.10856606],
[1.77252262,0.10940522],
[1.78177164,0.11026107],
[1.79104823,0.11113393],
[1.80035189,0.11202412],
[1.8096821,0.11293198],
[1.81903783,0.1138578],
[1.8284196,0.11480205],
[1.83782632,0.11576502],
[1.84725741,0.11674708],
[1.85671227,0.11774861],
[1.86619027,0.11877],
[1.87569078,0.11981164],
[1.88521258,0.12087387],
[1.89475608,0.12195723],
[1.90432004,0.12306208],
[1.91390369,0.12418885],
[1.92350631,0.12533798],
[1.93312709,0.12650993],
[1.94276525,0.12770516],
[1.95241994,0.12892414],
[1.96208974,0.13016729],
[1.97177489,0.13143524],
[1.9814739,0.13272843],
[1.99118584,0.13404738],
[2.00090974,0.13539262],
[2.01064457,0.1367647],
[2.02038933,0.13816416],
[2.03014294,0.13959158],
[2.03990373,0.14104746],
[2.04967171,0.14253255],
[2.05944514,0.14404737],
[2.06922284,0.14559257],
[2.07900357,0.14716875],
[2.08878603,0.14877659],
[2.09856895,0.15041673],
[2.10835041,0.15208977],
[2.11813015,0.15379659],
[2.1279062,0.1555378],
[2.13767707,0.15731414],
[2.14744128,0.15912634],
[2.15719727,0.16097515],
[2.16694346,0.16286136],
[2.17667821,0.16478576],
[2.18639928,0.16674904],
[2.19610608,0.16875225],
[2.20579628,0.17079613],
[2.21546806,0.17288154],
[2.22511955,0.17500935],
[2.23474883,0.17718047],
[2.24435396,0.17939581],
[2.2539329,0.18165632],
[2.26348303,0.1839628],
[2.27300336,0.18631652],
[2.28249114,0.18871832],
[2.29194413,0.19116922],
[2.30136007,0.19367027],
[2.31073661,0.19622251],
[2.32007134,0.19882703],
[2.32936127,0.20148477],
[2.33860495,0.20419715],
[2.34779927,0.20696517],
[2.35694159,0.20978998],
[2.3660292,0.21267278],
[2.37505933,0.21561476],
[2.38402916,0.21861715],
[2.39293579,0.2216812],
[2.40177575,0.22480801],
[2.41054704,0.22799923],
[2.41924604,0.23125598],
[2.42786961,0.23457961],
[2.4364145,0.23797148],
[2.44487742,0.24143296],
[2.45325499,0.24496546],
[2.46154331,0.24857018],
[2.46973984,0.25224899],
[2.47784049,0.25600315],
[2.48584163,0.25983413],
[2.49373954,0.26374345],
[2.50153043,0.26773262],
[2.50921043,0.27180319],
[2.51677561,0.27595672],
[2.52422152,0.28019453],
[2.53154497,0.28451871],
[2.53874138,0.28893064],
[2.54580652,0.29343193],
[2.55273611,0.29802423],
[2.55952579,0.3027092],
[2.56617115,0.30748848],
[2.5726677,0.31236377],
[2.57901052,0.31733647],
[2.58519572,0.32240883],
[2.59121824,0.32758228],
[2.59707337,0.33285853],
[2.60275627,0.33823928],
[2.60826212,0.34372625],
[2.61358597,0.34932114],
[2.61872259,0.35502534],
[2.62366753,0.36084121],
[2.62841545,0.36677012],
[2.63296123,0.37281377],
[2.63729973,0.37897382],
[2.64142575,0.38525192],
[2.64533408,0.39164975],
[2.64901947,0.39816892],
[2.65247646,0.40481061],
[2.65570015,0.41157722],
[2.65868503,0.41846986],
[2.66142577,0.42549006],
[2.66391705,0.4326393],
[2.66615356,0.43991898],
[2.66812998,0.44733051],
[2.66984099,0.4548752],
[2.67128126,0.46255389],
[2.67244568,0.47036869],
[2.67332895,0.47832032],
[2.67392589,0.48640984],
[2.67423137,0.49463829],
[2.67424031,0.50300659],
[2.67394772,0.5115156],
[2.67334869,0.52016557],
[2.67243833,0.52895816],
[2.6712119,0.53789347],
[2.66966475,0.54697193],
[2.66779233,0.5561939],
[2.66559025,0.56555962],
[2.6630542,0.57506921],
[2.66018006,0.58472262],
[2.65696402,0.59451917],
[2.65340191,0.60445966],
[2.64949022,0.61454313],
[2.64522552,0.62476896],
[2.64060451,0.63513642],
[2.63562416,0.6456446],
[2.63028162,0.6562924],
[2.62457428,0.6670786],
[2.61850012,0.67800111],
[2.61205632,0.6890596],
[2.60524137,0.70025162],
[2.59805369,0.71157519],
[2.59049195,0.7230281],
[2.58255516,0.73460796],
[2.57424263,0.74631215],
[2.56555445,0.75813718],
[2.55648952,0.77008142],
[2.54704862,0.78214093],
[2.53723232,0.79431227],
[2.52704156,0.80659174],
[2.51647759,0.81897548],
[2.5055421,0.83145935],
[2.49423708,0.84403904],
[2.48256558,0.85670924],
[2.47052897,0.86946668],
[2.45813104,0.88230562],
[2.44537529,0.89522087],
[2.43226557,0.908207],
[2.41880619,0.9212584],
[2.40500173,0.93436923],
[2.3908572,0.94753348],
[2.37637882,0.96074416],
[2.36157069,0.97399641],
[2.34643973,0.98728285],
[2.33099243,1.00059675],
[2.31523562,1.01393119],
[2.29917652,1.02727905],
[2.2828226,1.04063315],
[2.26618272,1.05398533],
[2.24926312,1.06732967],
[2.23207324,1.08065779],
[2.21462185,1.09396197],
[2.19691802,1.10723444],
[2.17897107,1.12046734],
[2.16079061,1.1336527],
[2.14238644,1.14678256],
[2.1237697,1.15984814],
[2.10494851,1.17284291],
[2.08593433,1.18575807],
[2.06673778,1.19858558],
[2.04736967,1.21131738],
[2.02784087,1.2239455],
[2.00816234,1.23646202],
[1.98834638,1.24885833],
[1.96840186,1.26112806],
[1.94834113,1.27326282],
[1.92817547,1.28525498],
[1.90791613,1.29709709],
[1.8875744,1.30878181],
[1.8671615,1.32030193],
[1.84668864,1.33165045],
[1.82616814,1.34281985],
[1.80560865,1.35380477],
[1.78502235,1.36459807],
[1.76442001,1.3751935],
[1.74381236,1.38558499],
[1.72320995,1.39576673],
[1.70262315,1.40573311],
[1.68206215,1.4154788],
[1.66153815,1.42499814],
[1.64105851,1.43428742],
[1.62063402,1.44334149],
[1.60027399,1.45215604],
[1.57998755,1.46072701],
[1.55978348,1.46905066],
[1.53967035,1.47712351],
[1.51965766,1.48494187],
[1.49975103,1.49250374],
[1.47995938,1.49980603],
[1.46029015,1.50684634],
[1.44075048,1.51362261],
[1.42134721,1.52013303],
[1.40208688,1.52637606],
[1.38297573,1.53235046],
[1.36402077,1.5380549],
[1.34522542,1.54348934],
[1.3265961,1.54865299],
[1.30813785,1.55354562],
[1.28985536,1.5581673],
[1.27175306,1.56251832],
[1.25383502,1.56659923],
[1.23610513,1.57041077],
[1.21856788,1.57395374],
[1.20122454,1.57722979],
[1.18407904,1.5802401],
[1.16713411,1.58298632],
[1.15039219,1.58547024],
[1.13385543,1.58769389],
[1.11752579,1.58965946],
[1.10140582,1.5913692],
[1.08549511,1.59282585],
[1.06979576,1.59403196],
[1.05430877,1.59499038],
[1.03903491,1.59570405],
[1.02397471,1.59617606],
[1.00912853,1.59640962],
[0.99449648,1.59640807],
[0.98007941,1.59617485],
[0.96587543,1.59571346],
[0.95188497,1.59502752],
[0.93810751,1.59412073],
[0.92454236,1.59299688],
[0.91118865,1.59165979],
[0.89804544,1.59011336],
[0.88511161,1.58836156],
[0.87238662,1.5864085],
[0.8598677,1.58425801],
[0.84755412,1.58191424],
[0.8354443,1.57938133],
[0.8235366,1.57666337],
[0.81182926,1.57376452],
[0.80032048,1.57068895],
[0.78900898,1.56744097],
[0.7778915,1.56402439],
[0.76696666,1.56044356],
[0.75623237,1.55670261],
[0.74568645,1.55280567],
[0.73532674,1.54875689],
[0.72515097,1.54456033],
[0.71515688,1.54022009],
[0.70534273,1.5357405],
[0.69570503,1.53112503],
[0.68624196,1.52637794],
[0.67695119,1.52150318],
[0.66783026,1.51650466],
[0.65887677,1.51138624],
[0.6500883,1.50615177],
[0.6414624,1.50080504],
[0.63299712,1.49535009],
[0.62468903,1.48978997],
[0.61653619,1.48412866],
[0.60853615,1.47836973],
[0.60068649,1.47251672],
[0.5929848,1.46657313],
[0.58542863,1.46054235],
[0.57801604,1.45442816],
[0.57074376,1.44823312],
[0.56360987,1.44196087],
[0.55661202,1.4356146],
[0.54974788,1.42919747],
[0.54301511,1.42271254],
[0.53641145,1.41616285],
[0.52993463,1.40955139],
[0.52358275,1.40288143],
[0.51735287,1.39615506],
[0.51124319,1.38937547],
[0.5052515,1.38254536],
[0.49937568,1.37566745],
[0.49361363,1.36874434],
[0.48796326,1.36177859],
[0.4824225,1.3547727],
[0.47698966,1.34772955],
[0.47166209,1.34065069],
[0.46643816,1.33353887],
[0.46131592,1.32639638],
[0.45629348,1.31922545],
[0.45136895,1.31202822],
[0.44654048,1.30480684],
[0.44180654,1.2975638],
[0.43716479,1.29030025],
[0.43261374,1.28301858],
[0.42815168,1.27572071],
[0.42377691,1.26840849],
[0.41948776,1.26108375],
[0.4152826,1.25374824],
[0.41115981,1.24640367],
[0.40711784,1.23905174],
[0.40315512,1.23169404],
[0.39927014,1.22433217],
[0.3954614,1.21696765],
[0.39172788,1.20960284],
[0.38806727,1.20223747],
[0.38447861,1.1948738],
[0.38096051,1.18751319],
[0.37751163,1.18015697],
[0.37413063,1.17280643],
[0.37081622,1.1654628],
[0.36756712,1.1581273],
[0.36438209,1.1508011],
[0.36125991,1.14348532],
[0.35819936,1.13618107],
[0.3551993,1.12888941],
[0.35225856,1.12161137],
[0.34937601,1.11434794]]